[  101.205555] [Project1] 1896 1588263173.352625688 1588263177.200595090
[  101.224411] [Project1] 1900 1588263173.362418143 1588263177.219456896
[  101.229993] [Project1] 1899 1588263173.374213352 1588263177.225054251
[  101.236156] [Project1] 1898 1588263173.382898045 1588263177.231222828
[  101.242543] [Project1] 1897 1588263173.366025285 1588263177.237600154
[  117.259480] [Project1] 1904 1588263192.334538886 1588263193.116722943
[  118.066387] [Project1] 1905 1588263193.116866403 1588263193.920821193
[  118.844156] [Project1] 1906 1588263193.920967131 1588263194.696134714
[  119.576624] [Project1] 1907 1588263194.696312721 1588263195.426477341
[  120.380278] [Project1] 1908 1588263195.426618866 1588263196.227971370
[  294.540051] [Project1] 2001 1588263369.506661350 1588263370.346365407
[  296.029485] [Project1] 2002 1588263371.51910756 1588263371.835397105
[  297.569417] [Project1] 2003 1588263372.597832500 1588263373.374899287
[  299.117021] [Project1] 2004 1588263374.143184625 1588263374.922066728
[  300.666669] [Project1] 2005 1588263375.689374603 1588263376.471275102
[  302.217581] [Project1] 2006 1588263377.235275990 1588263378.21748298
[  303.765821] [Project1] 2007 1588263378.780751573 1588263379.569544313
[  305.315764] [Project1] 2008 1588263380.326213657 1588263381.119039419
[  306.850346] [Project1] 2009 1588263381.871284046 1588263382.653190731
[  308.390960] [Project1] 2010 1588263383.417649889 1588263384.193366275
[  349.440407] [Project1] 2188 1588263424.647790389 1588263425.471842953
[  350.278975] [Project1] 2189 1588263425.471978584 1588263426.312504242
[  351.143403] [Project1] 2190 1588263426.312652576 1588263427.178919970
[  351.985017] [Project1] 2191 1588263427.179064127 1588263428.22304193
[  352.814650] [Project1] 2192 1588263428.22457577 1588263428.853521639
[  379.056936] [Project1] 2198 1588263453.360166966 1588263455.24542068
[  382.518144] [Project1] 2197 1588263451.778729935 1588263458.480965569
[  387.137601] [Project1] 2202 1588263459.730026691 1588263463.95681679
[  388.765684] [Project1] 2203 1588263463.96014790 1588263464.722404841
[  394.261909] [Project1] 2199 1588263458.481118706 1588263470.214696033
[  439.760536] [Project1] 2210 1588263490.540842353 1588263515.974953011
[  441.491286] [Project1] 2208 1588263485.533911482 1588263517.717185198
[  443.255530] [Project1] 2209 1588263488.47837951 1588263519.490873724
[  457.281775] [Project1] 2213 1588263496.630160440 1588263533.551518286
[  461.056253] [Project1] 2212 1588263494.931637781 1588263537.329842567
[  463.729121] [Project1] 2211 1588263493.133353705 1588263539.540026018
[  468.900620] [Project1] 2222 1588263539.540292714 1588263544.714125826
[  470.704111] [Project1] 2223 1588263544.714268179 1588263546.518502428
[  477.577792] [Project1] 2224 1588263546.518696770 1588263553.395629384
[  479.297085] [Project1] 2226 1588263553.395793040 1588263555.115772693
[  482.940685] [Project1] 2225 1588263555.115966654 1588263558.761211257
[  592.951495] [Project1] 2282 1588263668.5256983 1588263668.837948034
[  594.444891] [Project1] 2283 1588263669.546548891 1588263670.330219726
[  595.989715] [Project1] 2284 1588263671.87731715 1588263671.869324847
[  597.524825] [Project1] 2285 1588263672.628523573 1588263673.399255387
[  599.075844] [Project1] 2286 1588263674.168848561 1588263674.945601690
[  600.619195] [Project1] 2287 1588263675.709035055 1588263676.484698058
[  602.165766] [Project1] 2288 1588263677.250131855 1588263678.27463293
[  603.715483] [Project1] 2289 1588263678.790653754 1588263679.573725176
[  605.253876] [Project1] 2290 1588263680.332238685 1588263681.109018254
[  606.794443] [Project1] 2291 1588263681.872772465 1588263682.646782275
[  640.392680] [Project1] 2303 1588263715.379279521 1588263716.221475509
[  641.232859] [Project1] 2304 1588263716.221618426 1588263717.61501663
[  642.076079] [Project1] 2305 1588263717.61643041 1588263717.904576469
[  642.909881] [Project1] 2306 1588263717.904727295 1588263718.738247140
[  643.691661] [Project1] 2307 1588263718.738404553 1588263719.519921325
[  676.364084] [Project1] 2314 1588263750.602136409 1588263752.202089365
[  679.828615] [Project1] 2313 1588263749.37534915 1588263755.668186022
[  684.297069] [Project1] 2316 1588263756.860829979 1588263760.138471384
[  685.976142] [Project1] 2317 1588263760.138606442 1588263761.818186240
[  691.670721] [Project1] 2315 1588263755.668325482 1588263767.514762832
[  741.431138] [Project1] 2328 1588263792.177470207 1588263817.285901986
[  743.221009] [Project1] 2326 1588263787.219318595 1588263819.76035959
[  745.082724] [Project1] 2327 1588263789.730784828 1588263820.938016494
[  758.092629] [Project1] 2331 1588263798.160771131 1588263833.949674262
[  761.510282] [Project1] 2330 1588263796.363724526 1588263837.367758880
[  763.295577] [Project1] 2329 1588263794.734165777 1588263839.153276823
[  799.222189] [Project1] 2344 1588263869.937206715 1588263875.76679097
[  800.956961] [Project1] 2345 1588263875.76824862 1588263876.810694510
[  807.866383] [Project1] 2346 1588263876.810841798 1588263883.717331773
[  809.654443] [Project1] 2350 1588263883.717498512 1588263885.504722291
[  813.184955] [Project1] 2347 1588263885.504885704 1588263889.33983255
[ 1117.087746] [Project1] 2419 1588264192.161523225 1588264192.923248826
[ 1118.603173] [Project1] 2421 1588264193.630807410 1588264194.438731010
[ 1120.007063] [Project1] 2422 1588264195.100472373 1588264195.842668361
[ 1121.474378] [Project1] 2423 1588264196.570177769 1588264197.310035086
[ 1122.944021] [Project1] 2424 1588264198.39563929 1588264198.779732093
[ 1124.482915] [Project1] 2425 1588264199.508814532 1588264200.318682302
[ 1125.892956] [Project1] 2426 1588264200.978467012 1588264201.728776368
[ 1127.364901] [Project1] 2427 1588264202.448691813 1588264203.200764901
[ 1128.873118] [Project1] 2428 1588264203.918186404 1588264204.709051022
[ 1130.282776] [Project1] 2429 1588264205.387938208 1588264206.118761979
[ 1192.302057] [Project1] 2439 1588264267.357265551 1588264268.140233633
[ 1193.116494] [Project1] 2440 1588264268.140379069 1588264268.954695365
[ 1193.908775] [Project1] 2441 1588264268.954845460 1588264269.747005647
[ 1194.635422] [Project1] 2442 1588264269.747143931 1588264270.473674694
[ 1195.427961] [Project1] 2443 1588264270.473815010 1588264271.266247128
[ 1368.097711] [Project1] 2454 1588264308.843911719 1588264443.941683906
[ 1378.782443] [Project1] 2455 1588264443.941845470 1588264454.626750382
[ 1380.349202] [Project1] 2456 1588264454.626907389 1588264456.193561528
[ 1382.000281] [Project1] 2457 1588264456.193720218 1588264457.844699781
[ 1551.099002] [Project1] 2498 1588264614.35318634 1588264626.948767720
[ 1558.898548] [Project1] 2499 1588264626.948940961 1588264634.748552205
[ 1563.617593] [Project1] 2500 1588264634.748723850 1588264639.467735648
[ 1565.236342] [Project1] 2501 1588264639.467932684 1588264641.86545652
[ 1566.822049] [Project1] 2502 1588264641.86706000 1588264642.672298967
[ 1568.426285] [Project1] 2503 1588264642.672466086 1588264644.276588704
[ 1574.784458] [Project1] 2504 1588264644.276742425 1588264650.634968468
[ 1599.940669] [Project1] 2515 1588264672.434376292 1588264675.791966991
[ 1600.731515] [Project1] 2516 1588264675.792120396 1588264676.582837895
[ 1601.020072] [Project1] 2517 1588264676.582973543 1588264676.871396030
[ 1601.821314] [Project1] 2518 1588264676.871544034 1588264677.672670543
[ 1637.537611] [Project1] 2524 1588264700.697657528 1588264713.390089009
[ 1645.403363] [Project1] 2525 1588264713.390237106 1588264721.256081885
[ 1650.037637] [Project1] 2526 1588264721.256231331 1588264725.890501229
[ 1651.589963] [Project1] 2527 1588264725.890655401 1588264727.442876346
[ 1653.104724] [Project1] 2528 1588264727.443036564 1588264728.957672203
[ 1654.683888] [Project1] 2529 1588264728.957870322 1588264730.536895431
[ 1660.822800] [Project1] 2530 1588264730.537053378 1588264736.676006633
[ 1704.712841] [Project1] 2543 1588264775.922955168 1588264780.567411875
[ 1711.185842] [Project1] 2542 1588264774.452328125 1588264787.40618799
[ 1720.472760] [Project1] 2541 1588264772.979573380 1588264796.327832375
[ 1734.642424] [Project1] 2540 1588264771.507335441 1588264810.497939388
[ 1767.091059] [Project1] 2554 1588264841.282959974 1588264842.947592151
[ 1770.535410] [Project1] 2553 1588264839.849160538 1588264846.392055537
[ 1774.428606] [Project1] 2558 1588264847.22210484 1588264850.285367332
[ 1775.947686] [Project1] 2559 1588264850.285505003 1588264851.804492526
[ 1781.564052] [Project1] 2555 1588264846.392187548 1588264857.421043046
[ 1820.940411] [Project1] 2569 1588264895.906731015 1588264896.797392376
[ 1821.782875] [Project1] 2571 1588264896.797526118 1588264897.639747826
[ 1822.552522] [Project1] 2572 1588264897.639906016 1588264898.409308567
[ 1825.120130] [Project1] 2568 1588264895.183220575 1588264900.976600339
[ 1845.047094] [Project1] 2582 1588264919.154188358 1588264920.901375067
[ 1848.178695] [Project1] 2581 1588264919.255490 1588264924.32666705
[ 1854.351642] [Project1] 2583 1588264924.32817309 1588264930.205034551
[ 1865.167106] [Project1] 2580 1588264918.993737471 1588264941.19546236
[ 1885.210030] [Project1] 2592 1588264960.908677778 1588264961.60942107
[ 1885.563371] [Project1] 2594 1588264961.61092516 1588264961.414248508
[ 1892.017233] [Project1] 2593 1588264961.414383624 1588264967.867670053
[ 1898.197856] [Project1] 2595 1588264967.867819154 1588264974.47899661
[ 1909.192975] [Project1] 2596 1588264974.48069602 1588264985.42381343
[ 1934.117736] [Project1] 2606 1588265009.232264600 1588265009.965918518
[ 1934.947564] [Project1] 2607 1588265009.966051787 1588265010.795707074
[ 1935.847645] [Project1] 2608 1588265010.795843206 1588265011.695750142
[ 1936.675850] [Project1] 2609 1588265011.695885015 1588265012.523917316
[ 1937.563054] [Project1] 2610 1588265012.524059365 1588265013.411087364
[ 1973.616965] [Project1] 2621 1588265037.536390051 1588265049.463756790
[ 1975.900091] [Project1] 2622 1588265038.449398256 1588265051.746823149
[ 2025.461034] [Project1] 2631 1588265079.145358352 1588265101.306744414
[ 2027.066521] [Project1] 2629 1588265074.262790358 1588265102.912208961
[ 2028.599321] [Project1] 2630 1588265076.821827582 1588265104.444989824
[ 2040.341117] [Project1] 2634 1588265084.462428624 1588265116.186634812
[ 2043.433275] [Project1] 2633 1588265082.975139897 1588265119.278761687
[ 2044.977984] [Project1] 2632 1588265081.427887021 1588265120.823451843
[ 2073.171575] [Project1] 2647 1588265142.665224276 1588265149.16811478
[ 2074.066996] [Project1] 2648 1588265143.543158172 1588265149.912228311
[ 2074.852725] [Project1] 2649 1588265144.318245373 1588265150.697951019
[ 2087.123066] [Project1] 2646 1588265141.865468339 1588265162.968234977
[ 2093.233980] [Project1] 2650 1588265145.918738700 1588265169.79128752
[ 2095.553831] [Project1] 2645 1588265141.66408548 1588265171.398973175
[ 2100.139133] [Project1] 2644 1588265140.295582169 1588265175.984265375
[ 2130.783989] [Project1] 2662 1588265200.194147828 1588265206.629101082
[ 2131.589574] [Project1] 2663 1588265200.997087961 1588265207.434687244
[ 2133.156024] [Project1] 2664 1588265202.634622094 1588265209.1140456
[ 2144.924361] [Project1] 2661 1588265199.426987337 1588265220.769496108
[ 2151.032802] [Project1] 2665 1588265203.478499016 1588265226.877954832
[ 2153.367221] [Project1] 2660 1588265198.619609710 1588265229.212379703
[ 2158.054684] [Project1] 2659 1588265197.825524913 1588265233.899857636
[ 2192.812994] [Project1] 2675 1588265257.473804424 1588265268.658308361
[ 2194.334521] [Project1] 2677 1588265268.658466781 1588265270.179835043
[ 2197.460628] [Project1] 2676 1588265270.179999768 1588265273.305961425
[ 2203.877521] [Project1] 2678 1588265273.306133480 1588265279.722899554
[ 2222.441149] [Project1] 2689 1588265298.132943331 1588265298.286653955
[ 2229.083442] [Project1] 2690 1588265298.286802108 1588265304.928992207
[ 2229.387660] [Project1] 2691 1588265304.929152968 1588265305.233215046
[ 2235.782156] [Project1] 2692 1588265305.233363173 1588265311.627759550
[ 2247.343907] [Project1] 2693 1588265311.627915278 1588265323.189607242
